703.5 188.0 -75.5
711.5 188.0 -74.5
701.5 188.0 -68.5
709.5 188.0 -66.5
717.5 188.0 -68.5
726.5 188.0 -74.5
733.5 188.0 -76.5
736.5 188.0 -67.5
738.5 188.0 -72.5
729.5 188.0 -68.5
723.5 188.0 -63.5
729.5 188.0 -61.5
716.5 188.0 -61.5
708.5 188.0 -59.5
701.5 188.0 -57.5
707.5 188.0 -54.5
709.5 188.0 -48.5
701.5 188.0 -47.5
706.5 188.0 -40.5
712.5 188.0 -41.5
718.5 188.0 -43.5
715.5 188.0 -47.5
715.5 188.0 -55.5
723.5 188.0 -55.5
719.5 188.0 -51.5
725.5 188.0 -47.5
728.5 188.0 -42.5
736.5 188.0 -39.5
735.5 188.0 -47.5
730.5 188.0 -53.5
737.5 188.0 -56.5